use https_proxy http://127.0.0.1:7890
Uint8Array(6) [ 0, 0, 0, 0, 0, 0 ]
Uint8Array(15) [
  0, 0, 0, 0, 0, 0,
  0, 0, 0, 0, 0, 0,
  0, 0, 0
]
Uint8Array(19) [
  0, 0, 0, 0, 0, 0, 0,
  0, 0, 0, 0, 0, 0, 0,
  0, 0, 0, 0, 0
]
Uint8Array(10) [
  0, 0, 0, 0, 0,
  0, 0, 0, 0, 0
]
Uint8Array(8) [
  0, 0, 0, 0,
  0, 0, 0, 0
]
Uint8Array(27) [
  0, 0, 0, 0, 0, 0, 0, 0,
  0, 0, 0, 0, 0, 0, 0, 0,
  0, 0, 0, 0, 0, 0, 0, 0,
  0, 0, 0
]
Uint8Array(7) [
  0, 0, 0, 0,
  0, 0, 0
]
Uint8Array(65) [
  0, 0, 0, 0, 0, 0, 0, 0, 0, 0, 0, 0,
  0, 0, 0, 0, 0, 0, 0, 0, 0, 0, 0, 0,
  0, 0, 0, 0, 0, 0, 0, 0, 0, 0, 0, 0,
  0, 0, 0, 0, 0, 0, 0, 0, 0, 0, 0, 0,
  0, 0, 0, 0, 0, 0, 0, 0, 0, 0, 0, 0,
  0, 0, 0, 0, 0
]
Uint8Array(10) [
  0, 0, 0, 0, 0,
  0, 0, 0, 0, 0
]
Uint8Array(97) [
  0, 0, 0, 0, 0, 0, 0, 0, 0, 0, 0, 0,
  0, 0, 0, 0, 0, 0, 0, 0, 0, 0, 0, 0,
  0, 0, 0, 0, 0, 0, 0, 0, 0, 0, 0, 0,
  0, 0, 0, 0, 0, 0, 0, 0, 0, 0, 0, 0,
  0, 0, 0, 0, 0, 0, 0, 0, 0, 0, 0, 0,
  0, 0, 0, 0, 0, 0, 0, 0, 0, 0, 0, 0,
  0, 0, 0, 0, 0, 0, 0, 0, 0, 0, 0, 0,
  0, 0, 0, 0, 0, 0, 0, 0, 0, 0, 0, 0,
  0
]
Uint8Array(14) [
  0, 0, 0, 0, 0, 0,
  0, 0, 0, 0, 0, 0,
  0, 0
]
Uint8Array(43) [
  0, 0, 0, 0, 0, 0, 0, 0, 0, 0,
  0, 0, 0, 0, 0, 0, 0, 0, 0, 0,
  0, 0, 0, 0, 0, 0, 0, 0, 0, 0,
  0, 0, 0, 0, 0, 0, 0, 0, 0, 0,
  0, 0, 0
]
Uint8Array(53) [
  0, 0, 0, 0, 0, 0, 0, 0, 0, 0, 0, 0,
  0, 0, 0, 0, 0, 0, 0, 0, 0, 0, 0, 0,
  0, 0, 0, 0, 0, 0, 0, 0, 0, 0, 0, 0,
  0, 0, 0, 0, 0, 0, 0, 0, 0, 0, 0, 0,
  0, 0, 0, 0, 0
]
Uint8Array(26) [
  0, 0, 0, 0, 0, 0, 0, 0,
  0, 0, 0, 0, 0, 0, 0, 0,
  0, 0, 0, 0, 0, 0, 0, 0,
  0, 0
]
Uint8Array(45) [
  0, 0, 0, 0, 0, 0, 0, 0, 0, 0, 0,
  0, 0, 0, 0, 0, 0, 0, 0, 0, 0, 0,
  0, 0, 0, 0, 0, 0, 0, 0, 0, 0, 0,
  0, 0, 0, 0, 0, 0, 0, 0, 0, 0, 0,
  0
]
Uint8Array(36) [
  0, 0, 0, 0, 0, 0, 0, 0, 0,
  0, 0, 0, 0, 0, 0, 0, 0, 0,
  0, 0, 0, 0, 0, 0, 0, 0, 0,
  0, 0, 0, 0, 0, 0, 0, 0, 0
]
[]
undefined
